71.1
f(1.5) = 2.09032
71.2
x = 4.092
f(x) = 3.06495
71.3
x0 = 0.536569
x0 = 2.52073
x0 = 3.3177
x0 = 4.84971
